<?xml version="1.0"?>
<opencv_storage>
<calibration_Time>"gio 22 mar 2018 22:07:20 CET"</calibration_Time>
<nrOfFrames>40</nrOfFrames>
<image_Width>640</image_Width>
<image_Height>480</image_Height>
<board_Width>9</board_Width>
<board_Height>6</board_Height>
<square_Size>16.</square_Size>
<FixAspectRatio>1.</FixAspectRatio>
<!-- flags:  +fix_aspectRatio +fix_principal_point +zero_tangent_dist -->
<flagValue>14</flagValue>
<Camera_Matrix type_id="opencv-matrix">
  <rows>3</rows>
  <cols>3</cols>
  <dt>d</dt>
  <data>
    6.5549307432923047e+02 0. 320. 0. 6.5549307432923047e+02 240. 0. 0.
    1.</data></Camera_Matrix>
<Distortion_Coefficients type_id="opencv-matrix">
  <rows>5</rows>
  <cols>1</cols>
  <dt>d</dt>
  <data>
    2.9879439317984220e-02 2.7073022508277539e-01 0. 0.
    -1.2130840193813039e+00</data></Distortion_Coefficients>
<Avg_Reprojection_Error>7.0214051066023431e-01</Avg_Reprojection_Error>
<Per_View_Reprojection_Errors type_id="opencv-matrix">
  <rows>40</rows>
  <cols>1</cols>
  <dt>f</dt>
  <data>
    4.89412159e-01 8.30944657e-01 2.48277754e-01 5.41286647e-01
    8.68198097e-01 7.73646772e-01 1.12456024e+00 7.37951875e-01
    1.13673699e+00 6.75180793e-01 8.73954594e-01 1.32430553e+00
    1.21416366e+00 1.13532603e+00 6.76152885e-01 5.03579199e-01
    3.74408722e-01 6.72237694e-01 8.23939264e-01 1.06317735e+00
    7.98541069e-01 9.51096773e-01 5.76390326e-01 3.45488578e-01
    2.54674405e-01 1.93683729e-01 3.24040115e-01 8.10816526e-01
    5.24651229e-01 5.46675265e-01 4.47449446e-01 3.67369205e-01
    2.00117886e-01 7.66010165e-01 2.69011885e-01 3.73069286e-01
    2.52582669e-01 2.26151899e-01 2.89526522e-01 5.72711945e-01</data></Per_View_Reprojection_Errors>
<!-- a set of 6-tuples (rotation vector + translation vector) for each view -->
<Extrinsic_Parameters type_id="opencv-matrix">
  <rows>40</rows>
  <cols>6</cols>
  <dt>d</dt>
  <data>
    2.5764482586033956e-02 1.3594888219566692e-01 2.7453993349134653e+00
    1.2308274475102530e+02 1.0309793779542170e+01 3.5328885583868259e+02
    -4.5568982996678281e-01 -2.1491301931108247e-02
    2.8656265831924674e+00 1.2707257332103075e+02 9.0082753694788398e+00
    2.7197766844167222e+02 -5.8243122172792250e-01
    2.6570787679240808e-02 2.8897379390759155e+00 5.5209035013837720e+01
    1.9928870336694381e+01 2.2397475483449028e+02
    -1.6925597983820334e-01 3.1415658794594861e-02
    2.8992770341134477e+00 6.2930671895569411e+01 2.2614685868128117e+01
    2.5553473124060213e+02 2.3911209436165687e-01 1.6479846101865550e-02
    2.8073072013921356e+00 8.6273944288481005e+01 1.3703590219632929e+01
    2.8435821992967402e+02 4.7398314172466782e-01
    -2.9417746247321330e-01 2.8127307533592143e+00
    1.0054506472651342e+02 4.8663346190372465e+00 3.1339772268447967e+02
    1.3560894869427165e+00 -1.2968540048347679e-01
    2.6985883669262121e+00 1.0255321453846244e+02 1.4767746888337685e+01
    2.4319505007880514e+02 1.2974229895759908e+00
    -3.1221937324252791e-01 2.8020128682549728e+00
    1.0030910359967569e+02 1.4915429864234591e+01 2.1320700133148264e+02
    -1.9573261004413475e-02 6.5376779411297395e-02
    3.0790224204229841e+00 9.5598913861499753e+01 1.8428397502739649e+01
    2.0506991653575378e+02 -9.4287930741440512e-02
    7.7895161917849440e-02 3.1066900411005718e+00 4.1501874498919896e+01
    3.3496807656430967e+01 2.4331006111972897e+02 5.7034105571433291e-02
    -2.5045804838415975e-01 -3.1027160309570387e+00
    3.2825328945194094e+01 3.0242511977263536e+01 2.0659649366577213e+02
    -1.5878624377734993e-01 -8.9085700012258373e-01
    -2.9724385875070261e+00 5.3348179296304380e+01
    3.1028214867272631e+01 1.5768197530417910e+02 1.0318070687636023e-02
    -9.6216254143699242e-01 -2.7631117868598105e+00
    5.6202995881334033e+01 4.5854057294718856e+01 1.5357256038006534e+02
    1.1874656545895530e-01 -9.6729444891702210e-01
    -2.7353291843718979e+00 6.2159470346233263e+01
    4.5946222710135594e+01 1.6583424583020863e+02 4.7144572960421782e-01
    -8.0669923310374470e-01 -2.8387851027226221e+00
    5.9465615516013465e+01 4.0573220973705979e+01 1.9995523022622950e+02
    7.5784779943915981e-01 -7.2571766024644735e-01
    -2.8129833242273552e+00 4.9106519613118628e+01
    5.1039049239324846e+01 2.1794446294305828e+02 8.8542809025350200e-01
    -6.0954341659785527e-01 -2.7585816455793584e+00
    3.3878136673082714e+01 5.3804281335720596e+01 2.2231973326146985e+02
    5.6846329880007074e-01 -5.4377289118124728e-01
    -2.8636010601458253e+00 3.8545213608028639e+01
    5.1046758293510230e+01 2.1563380784793929e+02 1.1059438890335291e+00
    1.2244080063465297e-01 2.9226074918444320e+00 2.7133370026322279e+01
    4.0033458426531226e+01 2.0042895519712994e+02 7.5607854962907250e-01
    2.4472479611505737e-01 3.0309816077124370e+00 2.7968492161578752e+01
    3.3167867974887102e+01 1.9707763419439479e+02 3.8446205941793660e-01
    4.9534297359748919e-01 3.0231777687195724e+00 3.8739726087850400e+01
    3.2185896125126675e+01 2.2346257261113556e+02 3.4770132089112121e-01
    -3.8009196981156113e-01 2.9511210954036682e+00
    5.0408261412430086e+01 2.7193759027447857e+01 2.6686624376368593e+02
    4.6020522735794121e-02 -2.1112259635628708e-01
    2.8149046392977843e+00 7.2996664728394222e+01 2.3026458075584532e+01
    3.1624984683357843e+02 -1.1300542529619105e-01
    8.2606774342028355e-01 2.6566732871726435e+00 8.9324171435908411e+01
    2.8844917455513381e+00 3.1403019427073400e+02
    -6.9646442081781068e-01 7.4503499419603736e-01
    2.6772128202047396e+00 6.7289999667610246e+01 1.5983781142862696e+01
    3.2593837087940517e+02 -8.0383753550160297e-01
    -1.7095441066082312e-01 2.8654783637382555e+00
    4.9933024239215129e+01 2.1874896671204581e+01 3.3907023798055036e+02
    -2.8952966754778442e-01 3.1431801818452398e-02
    3.0980470644417935e+00 5.2496235501526620e+01 2.9639045077689076e+01
    2.8532292678714913e+02 1.7737782115269779e-01
    -1.9942504707780151e-01 3.1177592502807649e+00
    5.2213475679984427e+01 3.2073612507854627e+01 2.8269159978659565e+02
    1.2044220482914449e-01 8.4307152709415545e-01 2.9948024642125390e+00
    5.6169226716114601e+01 4.0481707584114105e+01 2.9909798404644192e+02
    2.5161513193818441e-01 1.8872543700393035e-01 2.9811088777291204e+00
    6.8236909129039176e+01 3.0468293339833185e+01 3.6684340676406208e+02
    1.6269809781909533e-01 3.5808748699019094e-01 2.9914524391144548e+00
    8.3848454068972302e+01 3.1049450539974671e+01 3.8822797605844181e+02
    -8.5057330301049824e-02 9.1679669939470868e-02
    2.9666406442603304e+00 1.2919203165515637e+02 2.8583796015326168e+01
    3.9765991788866114e+02 -2.7793272507099737e-01
    4.2723168989982893e-02 3.0095816597351202e+00 1.6115579380181273e+02
    9.7679968562901198e+00 3.8486980376689996e+02
    -1.8461164376169337e-01 3.7690632965663673e-01
    3.1121110230184890e+00 4.3575610978910795e+01 1.2459357100578446e+01
    3.0082595093515783e+02 3.3435906688349171e-01
    -4.5238897257964783e-01 -3.0184929157314691e+00
    4.1405255871634672e+01 2.6309271536522292e+01 3.0185187018372716e+02
    2.9207488930360714e-01 -3.7751443464900059e-01
    -3.0832900845850428e+00 5.4986788392146551e+01
    1.3405532462510742e+01 2.6062380515482249e+02 5.6251469523470832e-01
    -1.2257950767670700e-01 -3.0842134909126955e+00
    4.5748593641323716e+01 1.7629041542077342e+01 2.7306445768756794e+02
    7.0075548349108208e-01 2.1726384480460675e-01
    -2.9732611048956556e+00 3.2179584195175821e+01
    3.1911838104312299e+01 2.7271454127907947e+02 7.2100468529918471e-01
    3.2807281571825958e-01 -2.9517310865232771e+00
    2.7968282469231919e+01 3.1435105921617883e+01 2.6848386318195782e+02
    7.2974984817610267e-01 1.0651516736928429e-01
    -3.0068792915187994e+00 3.2463072865297526e+01
    4.0428382795286112e+01 2.5673030003154878e+02</data></Extrinsic_Parameters>
