<?xml version="1.0"?>
<opencv_storage>
<calibration_Time>"mar 20 mar 2018 23:56:56 CET"</calibration_Time>
<nrOfFrames>25</nrOfFrames>
<image_Width>640</image_Width>
<image_Height>480</image_Height>
<board_Width>9</board_Width>
<board_Height>6</board_Height>
<square_Size>50.</square_Size>
<FixAspectRatio>1.</FixAspectRatio>
<!-- flags:  +fix_aspectRatio +fix_principal_point +zero_tangent_dist -->
<flagValue>14</flagValue>
<Camera_Matrix type_id="opencv-matrix">
  <rows>3</rows>
  <cols>3</cols>
  <dt>d</dt>
  <data>
    6.1669720093579429e+02 0. 320. 0. 6.1669720093579429e+02 240. 0. 0.
    1.</data></Camera_Matrix>
<Distortion_Coefficients type_id="opencv-matrix">
  <rows>5</rows>
  <cols>1</cols>
  <dt>d</dt>
  <data>
    3.2705472156196354e-02 -5.3083383924805205e-01 0. 0.
    1.5726317169673298e+00</data></Distortion_Coefficients>
<Avg_Reprojection_Error>7.5885099711852122e-01</Avg_Reprojection_Error>
<Per_View_Reprojection_Errors type_id="opencv-matrix">
  <rows>25</rows>
  <cols>1</cols>
  <dt>f</dt>
  <data>
    4.96099114e-01 2.77018905e-01 3.57124120e-01 5.08025765e-01
    2.81221688e-01 4.87983346e-01 5.48181713e-01 5.54277241e-01
    5.80736458e-01 6.83863223e-01 6.60454154e-01 5.83549500e-01
    6.46136463e-01 6.48461759e-01 8.12313318e-01 8.70724201e-01
    9.39281702e-01 1.57638454e+00 8.89878750e-01 8.89584422e-01
    9.12488282e-01 9.78719890e-01 8.58925998e-01 9.39728498e-01
    7.50622094e-01</data></Per_View_Reprojection_Errors>
<!-- a set of 6-tuples (rotation vector + translation vector) for each view -->
<Extrinsic_Parameters type_id="opencv-matrix">
  <rows>25</rows>
  <cols>6</cols>
  <dt>d</dt>
  <data>
    2.4441706546949274e-01 5.9043240571231537e-01 3.0210606720890487e+00
    -1.6469879164422949e+01 7.2545365180159660e+00
    8.5235695363963498e+02 -3.1595778789640949e-01
    -2.6506137394450185e-01 -2.9224419877373857e+00
    2.6714433543151824e+02 -1.3499808803636887e+02
    1.1883683058354770e+03 -3.4545850229834490e-01
    -7.3878848466423952e-02 -2.9020469005151877e+00
    3.1491031826368004e+02 -1.1406049387252975e+02
    1.2217182486222075e+03 -3.1499835082687372e-01
    7.7735241975808986e-02 -2.9222839886154102e+00
    3.1055776233808314e+02 -1.1656904585637876e+02
    1.1962721716750573e+03 -1.6480905099638327e-01
    -6.4413477912287220e-01 -2.7629638855194392e+00
    2.8168527428680335e+02 -8.1714165910837423e+01
    9.6228011930668185e+02 -1.1616155651035950e-01
    1.4765172632827122e+00 2.7638618476327057e+00 2.4637515686028453e+02
    1.2246353374639847e+02 8.1406702218707733e+02
    -8.4937642006358435e-02 1.3871079682162069e+00
    2.7924216378523994e+00 2.4966842595849519e+02 1.7120468810546029e+02
    7.4014086516004454e+02 1.9472467511103084e-02 1.2595408913680075e+00
    2.8655874625023596e+00 2.4296830301104305e+02 1.6795511928986457e+02
    7.5899749109102311e+02 1.1327727683501254e-01 8.8933559650815830e-01
    2.9997699005992469e+00 2.4552155184387419e+02 1.4623703914156656e+02
    7.4058097612057009e+02 1.5208515920432836e-01 6.6956454399391718e-01
    3.0501277249197831e+00 2.4626229928304792e+02 1.5295428507233885e+02
    7.1946837853525392e+02 1.3106070996649721e-01 5.5245242031765240e-01
    3.0713760573227828e+00 2.4890955668435745e+02 1.2392371128875499e+02
    6.8245994893330919e+02 1.1880023562729337e-01 4.4456542824625983e-01
    3.0809739347020706e+00 2.6076760756528427e+02 1.1438101155920269e+02
    6.8433090054351089e+02 9.8451705373845039e-02 3.2101912802680227e-01
    3.0507493844623239e+00 3.0274978814203661e+02 1.0875966123490150e+02
    6.8104324849724594e+02 8.9577051705492336e-02 3.3453147584680065e-01
    3.0336090006472962e+00 3.2506902890626571e+02 1.0244264070809982e+02
    6.7594283064093247e+02 -9.9839416120091146e-02
    -3.4532817335536792e-01 -3.0620826651925972e+00
    2.8578677271702503e+02 1.3529989665560055e+02 6.6724168769793778e+02
    -9.9299715302972838e-02 -2.8184769020816181e-01
    -2.8269569468170759e+00 2.0535037640190700e+02
    1.6430371184085439e+02 6.4627158021546256e+02
    -1.2417683505635041e-01 -2.5243815762698985e-01
    -2.7784621218303638e+00 1.7083861805864586e+02
    1.4134432369124193e+02 6.0635735698912561e+02
    -3.1640124172862679e-03 -1.3554040817418037e-01
    -2.9289166184382185e+00 1.4749631154309972e+02
    1.2816377756158514e+02 6.0419339705143295e+02 3.2012772320917572e-02
    -1.7578759095445404e-01 -3.1369620949801531e+00
    1.8118500104302092e+02 1.3744122612664989e+02 6.7052125746523745e+02
    -4.6702839265357288e-02 1.9502209432068585e-01
    3.1225929394745227e+00 1.8183599011005629e+02 1.4344507637866488e+02
    6.7890402441465926e+02 -5.3658990836801770e-02
    2.1716251921946680e-01 3.1135210565093945e+00 1.8649481739710598e+02
    1.5287228710774065e+02 6.9177190893650686e+02
    -7.3183609500103289e-02 2.2795239576487972e-01
    3.1093769107404263e+00 1.8774225970483528e+02 1.6150669537364405e+02
    7.0421062019502222e+02 -7.7684589927147635e-02
    2.5283432790071919e-01 3.0846078676995026e+00 1.9093912715553404e+02
    1.6933688266281678e+02 7.2119779691005635e+02
    -4.9235168705692250e-02 2.6537275646710223e-01
    3.0368338511327795e+00 1.9670164717758826e+02 1.6725062068472073e+02
    7.2899176624521522e+02 -4.9776829471829764e-02
    2.8629965060693308e-01 3.0265722386731189e+00 1.9960950445877052e+02
    1.7000916966577506e+02 7.3903828667662981e+02</data></Extrinsic_Parameters>
